0,479
0,478
0,477
0,476
49,3
29,1
29,3
45,1
45,3
41,1
41,3
40,1
40,3
24,1
24,3
14,4
0,273
0,270
103,35
10,19
10,295
10,273
10,27
10,155
10,305
10,239
10,269
11,17
11,27
8,8
8,11
8,9
8,14
8,10
12,2
12,1
12,3
20,2
20,1
20,3
19,2
19,1
19,3
18,1
18,3
14,1
14,5
100,4
100,3
100,2
100,1
100,0
99,3
99,2
99,1
99,0
96,4
96,3
96,2
96,1
96,0
95,3
95,2
95,1
95,0
91,4
91,3
91,2
91,1
91,0
90,3
90,2
90,1
90,0
87,4
87,3
87,2
87,1
87,0
86,3
86,2
86,1
86,0
66,3
66,2
66,1
66,0
65,3
65,2
65,1
65,0
64,3
64,2
64,1
64,0
63,18
63,17
63,16
63,15
63,14
63,13
63,12
63,11
63,10
63,9
63,8
63,7
63,6
63,5
63,4
63,3
63,2
63,1
63,0
62,25
62,24
62,23
62,22
62,21
62,20
62,19
62,18
62,17
62,16
62,15
62,14
62,13
62,12
62,11
62,10
62,9
62,8
62,7
62,6
62,5
62,3
62,2
